000000000000000000000000000000000000000000000100000000000000000000000000000000000000000000000000000
000000000000000000000000000000000000000000000100000000000000000000000000000000000000000000000000000
000000000000000000000000000000000000000000000100000000000000000000000000000000000000000000000000000
000000000000000000000000000000000000000000000100000000000000000000000000000000000000000000000000000
000000000000000000000000000000000000000000000100000000000000000000000000000000000000000000000000000
000000000000000000000000000000000000000000000100000000000000000000000000000000000000000000000000000
000000000000000000000000000000000000000000000100000000000000000000000000000000000000000000000000000
000000000000000000000000000000000000000000000100000000000000000000000001100000000000000000000000000
000000000000000000000000000000000000000000000100000000000000000000000001100000000000000000000000000
000000000000000000000000000000000000000000000100000000000000000000000001100000000000000000000000000
000000000000000000000000000000000000000000000100000000000000000000000001100000000000000000000000000
000000000000000000000000000000000000000000000100000000000000000000000001100000000000000000000000000
000000000000000000000000000000000000000000000100000000000000000000000001100000000000000000000000000
000000000000000000000000000000000000000000000100000000000000000000000001100000000000000000000000000
111111111111111111000000000000000000000000000100000000000000000000000001100000000000000000000000000
000000000000000001000000000000000000000000000100000000000000000000000001100000000000000000000000000
000000000000000001000000000000000000000000000100000000000000000000000001100000000000000000000000000
000000000000000001000000000000000000000000000100000000000000000000000001100000000000000000000000000
000000000000000001000000000000000000000000000100000000000000000000000001100000000000000000000000000
000000000000000001000000000000000000000000000100000000000000000000000001100000000000000000000000000
000000000000000001000000000000000000000000000100000000000000000000000001100000000000000000000000000
000000000000000001000000000000000000000000000100000000000000000000000001100000000000000000000000000
000000000000000001000000000000000000000000000100000000000000000000000001100000000000000000000000000
000000000000000001000000000000000000000000000100000000000000000000000001100000000000000000000000000
000000000000000001000000000000000000000000000100000000000000000000000001100000000000000000000000000
000000000000000001111111111111111111111111111100000000000000000000000001100000000000000000000000000
000000000000000000000000000000000000000000000000000000000000000000000001100000000000000000000000000
000000000000000000000000000000000000000000000000000000000000000000000001100000000000000000000000000
000000000000000000000000000000000000000000000000000000000000000000000001100000000000000000000000000
000000000000000000000000000000000000000000000000000000000000000000000001100000000000000000000000000
000000000000000000000000000000000000000000000000000000000000000000000001100000000000000000000000000
000000000000000000000000000000000000000000000000000000000000000000000001100000000000000000000000000
000000000000000000000000000000000000000000000000000000000000000000000001100000000000000000000000000
000000000000000000000000000000000000000000000000000000000000000000000001100000000000000000000000000
000000000000000000000000000000000000000000000000000000000000000000000001100000000000000000000000000
000000000000000000000000000000000000000000000000000000000000000000000001100000000000000000000000000
000000000000000000000000000000000000000000000000000000000000000000000001100000000000000000000000000
000000000000000000000000000000000000000000000000000000000000000000000001100000000000000000000000000
000000000000000000000000000000000000000000000000000000000000000000000001100000000000000000000000000
000000000000000000000000000000000000000000000000000000000000000000000001100000000000000000000000000
000000000000000000000000000000000000000000000000000000000000000000000001100000000000000000000000000
000000000000000000000000000000000000000000000000000000000000000000000001100000000000000000000000000
000000000000000000000000000000000000000000000000000000000000000000000001100000000000000000000000000
000000000000000000000000000000000000000000000000000000000000000000000001100000000000000000000000000
000000000000000000000000000000000000000000000000000000000000000000000001100000000000000000000000000
000000000000000000000000000000000000000000000000000000000000000000000001100000000000000000000000000
000000000000000000000000000000000000000000000000000000000000000000000001100000000000000000000000000
000000000000000000000000000000000000000000000000000000000000000000000001100000000000000000000000000
000000000000000000000000000000000000000000000000000000000000000000000001100000000000000000000000000
000000000000000000000000000000000000000000000000000000000000000000000001100000000000000000000000000
000000000000000000000000000000000000000000000000000000000000000000000001100000000000000000000000000
000000000000000000000000000000000000000000000000000000000000000000000001100000000000000000000000000
000000000000000000000000000000000000000000000000000000000000000000000001100000000000000000000000000
000000000000000000000000000000000000000000000000000000000000000000000001100000000000000000000000000
000000000000000000000000000000000000000000000000000000000000000000000001100000000000000000000000000
000000000000000000000000000000000000000000000000000000000000000000000001100000000000000000000000000
000000000000000000000000000000000000000000000000000000000000000000000001100000000000000000000000000
000000000000000000000000000000000000000000000000000000000000000000000001100000000000000000000000000
000000000000000000000000000000000000000000000000000000000000000000000001100000000000000000000000000
000000000000000000000000000000000000000000000000000000000000000000000001100000000000000000000000000
000000000000000000000000000000000000000000000000000000000000000000000001100000000000000000000000000
000000000000000000000000000000000000000000000000000000000000000000000001100000000000000000000000000
000000000000000000000000000000000000000000000000000000000000000000000001100000000000000000000000000
000000000000000000000000000000000000000000000000000000000000000000000001100000000000000000000000000
000000000000000000000000000000000000000000000000000000000000000000000001100000000000000000000000000
000000000000000000000000000000000000000000000000000000000000000000000001100000000000000000000000000
000000000000000000000000000000000000000000000000000000000000000000000001100000000000000000000000000
000000000000000000000000000000000000000000000000000000000000000000000001100000000000000000000000000
000000000000000000000000000000000000000000000000000000000000000000000001100000000000000000000000000
000000000000000000000000000000000000000000000000000000000000000000000001100000000000000000000000000
000000000000000000000000000000000000000000000000000000000000000000000001100000000000000000000000000
000000000000000000000000000000000000000000000000000000000000000000000001100000000000000000000000000
000000000000000000000000000000000000000000000000000000000000000000000001100000000000000000000000000
000000000000000000000000000000000000000000000000000000000000000000000001100000000000000000000000000
000000000000000000000000000000000000000000000000000000000000000000000001100000000000000000000000000
000000000000000000000000000000000000000000000000000000000000000000000001100000000000000000000000000
000000000000000000000000000000000000000000000000000000000000000000000001100000000000000000000000000
000000000000000000000000000000000000000000000000000000000000000000000001100000000000000000000000000
000000000000000000000000000000000000000000000000000000000000000000000001100000000000000000000000000
000000000000000000000000000000000000000000000000000000000000000000000001100000000000000000000000000
000000000000000000000000000000000000000000000000000000000000000000000001100000000000000000000000000
000000000000000000000000000000000000000000000000000000000000000000000001100000000000000000000000000
000000000000000000000000000000000000000000000000000000000000000000000001100000000000000000000000000
000000000000000000000000000000000000000000000000000000000000000000000001100000000000000000000000000
000000000000000000000000000000000000000000000000000000000000000000000001100000000000000000000000000
000000000000000000000000000000000000000000000000000000000000000000000001100000000000000000000000000
000000000000000000000000000000000000000000000000000000000000000000000001100000000000000000000000000
000000000000000000000000000000000000000000000000000000000000000000000001100000000000000000000000000
000000000000000000000000000000000000000000000000000000000000000000000001100000000000000000000000000
000000000000000000000000000000000000000000000000000000000000000000000001100000000000000000000000000
000000000000000000000000000000000000000000000000000000000000000000000001100000000000000000000000000
000000000000000000000000000000000000000000000000000000000000000000000001100000000000000000000000000
000000000000000000000000000000000000000000000000000000000000000000000001100000000000000000000000000
000000000000000000000000000000000000000000000000000000000000000000000001100000000000000000000000000
000000000000000000000000000000000000000000000000000000000000000000000001100000000000000000000000000
000000000000000000000000000000000000000000000000000000000000000000000000000000000000000000000000000
000000000000000000000000000000000000000000000000000000000000000000000000000000000000000000000000000
000000000000000000000000000000000000000000000000000000000000000000000000000000000000000000000000000
000000000000000000000000000000000000000000000000000000000000000000000000000000000000000000000000000
000000000000000000000000000000000000000000000000000000000000000000000000000000000000000000000000000